layout_spectrum: 0.8532884
typography_spectrum: 0.2613828
color:
  saturation: 0.2242833
  lightness: 1
  brandStrength: 0.1143056
  rhythmicContrast: 0.7335582
name: JMIN
